user_id,event_id
631,66
